time	acceleration
0.00	-0.0014275799
0.02	-0.0110127600
0.04	-0.0102989700
0.06	-0.0089733599
0.08	-0.0096871497
0.10	-0.0122364000
0.12	-0.0144797390
0.14	-0.0130521600
0.16	-0.0112167000
0.18	-0.0086674497
0.20	-0.0086674497
0.22	-0.0133580700
0.24	-0.0179467200
0.26	-0.0197821790
0.28	-0.0165191400
0.30	-0.0146836790
0.32	-0.0110127600
0.34	-0.0083615395
0.36	-0.0042827397
0.38	-0.0067300197
0.40	-0.0133580700
0.42	-0.0193742990
0.44	-0.0199861200
0.46	-0.0067300197
0.48	0.0030590999
0.50	0.0143777700
0.52	-0.0049965299
0.54	-0.0130521600
0.56	-0.0146836790
0.58	-0.0206999090
0.60	-0.0265121990
0.62	-0.0331402490
0.64	-0.0312028190
0.66	-0.0175388400
0.68	-0.0200880900
0.70	-0.0166211090
0.72	-0.0167230790
0.74	-0.0068319896
0.76	0.0025492499
0.78	0.0152954990
0.80	0.0240649200
0.82	0.0256964400
0.84	0.0342619170
0.86	0.0472121080
0.88	0.0501692390
0.90	0.0427254300
0.92	0.0366072300
0.94	0.0276338690
0.96	0.0239629490
0.98	0.0345678300
1.00	0.0420116390
1.02	0.0540440980
1.04	0.0651588290
1.06	0.0746420340
1.08	0.0664844350
1.10	0.0610800290
1.12	0.0407879990
1.14	0.0407879990
1.16	0.0064241100
1.18	-0.0525145480
1.20	-0.0802503840
1.22	-0.0614879070
1.24	-0.0493534800
1.26	-0.0254924990
1.28	-0.0060162299
1.30	0.0136639790
1.32	0.0314067580
1.34	0.0508830300
1.36	0.0723986970
1.38	0.1014601500
1.40	0.1244034000
1.42	0.1560140900
1.44	0.1478564900
1.46	0.1182852000
1.48	0.0953419470
1.50	0.0909572340
1.52	0.0944242150
1.54	0.0855528290
1.56	0.0918749650
1.58	0.1012562100
1.60	0.1233837000
1.62	0.0334461580
1.64	-0.1509155900
1.66	-0.2110778900
1.68	-0.2029202900
1.70	-0.2069990900
1.72	-0.1855853900
1.74	-0.1764080900
1.76	-0.1784474900
1.78	-0.1784474900
1.80	-0.1845656900
1.82	-0.1662110900
1.84	-0.1376595000
1.86	-0.1111473000
1.88	-0.0797405340
1.90	-0.0437451300
1.92	-0.0017334900
1.94	0.0367091990
1.96	0.0800464470
1.98	0.1182852000
2.00	0.1631519900
2.02	0.1998611900
2.04	0.2457476900
2.06	0.2783780900
2.08	0.3099887900
2.10	0.3263039900
2.12	0.3487373900
2.14	0.2875553900
2.16	0.2365703900
2.18	-0.1223640000
2.20	-0.2416688900
2.22	-0.1672307900
2.24	-0.1906838900
2.26	-0.1121670000
2.28	-0.0767834100
2.30	-0.0176408090
2.32	0.0115226100
2.34	0.0543500070
2.36	0.0912631470
2.38	0.1213443000
2.40	0.1794671900
2.42	0.0587347160
2.44	-0.2681810900
2.46	-0.1580534900
2.48	-0.1764080900
2.50	-0.1029897000
2.52	-0.0590406300
2.54	0.0241668900
2.56	-0.0683198980
2.58	-0.2019005900
2.60	-0.1672307900
2.62	-0.1723292900
2.64	-0.1509155900
2.66	-0.1254231000
2.68	-0.1019700000
2.70	-0.0765794660
2.72	-0.0533303070
2.74	-0.0276338690
2.76	-0.0044866799
2.78	0.0191703590
2.80	-0.0096871497
2.82	-0.0441530080
2.84	-0.0854508600
2.86	-0.0969734650
2.88	-0.0730105160
2.90	-0.0610800290
2.92	-0.0340579800
2.94	-0.0110127600
2.96	0.0188644490
2.98	0.0428273990
3.00	0.0686258110
3.02	-0.0098910895
3.04	-0.0379328390
3.06	-0.0040787999
3.08	0.0011216700
3.10	0.0350776800
3.12	0.0576130480
3.14	0.0900395100
3.16	0.1152261000
3.18	0.1386792000
3.20	0.0223314290
3.22	0.0245747700
3.24	0.0696455110
3.26	0.0702573290
3.28	0.1346004000
3.30	0.1376595000
3.32	0.2080187900
3.34	-0.0949340650
3.36	-0.1335807000
3.38	-0.0705632340
3.40	-0.0556756170
3.42	0.0073418396
3.44	0.0688297480
3.46	-0.1091079000
3.48	-0.1519352900
3.50	-0.1091079000
3.52	-0.1182852000
3.54	-0.0777011340
3.56	-0.0570012300
3.58	-0.0219235490
3.60	-0.0128482200
3.62	-0.0687277790
3.64	-0.0330382800
3.66	-0.0343638900
3.68	-0.0111147290
3.70	0.0017334900
3.72	0.0304890290
3.74	0.0497613570
3.76	0.0619977570
3.78	0.0226373400
3.80	-0.0032630399
3.82	-0.0249826490
3.84	0.0078516895
3.86	0.0215156700
3.88	0.0579189570
3.90	0.0842272160
3.92	0.1233837000
3.94	0.1509155900
3.96	0.1774277900
3.98	0.0429293670
4.00	0.0029571300
4.02	0.0264102290
4.04	0.0298772080
4.06	-0.0056083498
4.08	-0.0149895890
4.10	0.0145817100
4.12	0.0210058200
4.14	0.0508830300
4.16	0.0657706480
4.18	0.0975852840
4.20	0.1152261000
4.22	0.1478564900
4.24	0.1662110900
4.26	0.1988414900
4.28	0.1896641900
4.30	0.2019005900
4.32	0.1804868900
4.34	0.1274625000
4.36	-0.1233837000
4.38	-0.0552677390
4.40	-0.0391564800
4.42	-0.0317126690
4.44	-0.1142064000
4.46	-0.1692701900
4.48	-0.2508461900
4.50	-0.2069990900
4.52	-0.1876247900
4.54	-0.1346004000
4.56	-0.0978911970
4.58	-0.0331402490
4.60	0.0157033790
4.62	0.0832075160
4.64	0.1346004000
4.66	0.1855853900
4.68	-0.0059142600
4.70	-0.0172329290
4.72	0.0290614490
4.74	0.0455805890
4.76	0.1002365100
4.78	0.1447973900
4.80	0.1886444900
4.82	0.2508461900
4.84	0.1723292900
4.86	-0.1407186000
4.88	-0.1018680300
4.90	-0.1111473000
4.92	-0.0924867840
4.94	-0.0478239300
4.96	-0.1274625000
4.98	-0.2151566900
5.00	-0.1651913900
5.02	-0.1723292900
5.04	-0.1335807000
5.06	-0.1131867000
5.08	-0.0788228100
5.10	-0.0520046980
5.12	-0.0554716800
5.14	-0.1223640000
5.16	-0.1233837000
5.18	-0.1182852000
5.20	-0.1172655000
5.22	-0.0731124840
5.24	-0.0556756170
5.26	0.0065260799
5.28	-0.0819838790
5.30	-0.1662110900
5.32	-0.0875922290
5.34	-0.0979931650
5.36	-0.0403801170
5.38	-0.0149895890
5.40	0.0325284280
5.42	0.0660765610
5.44	0.0893257150
5.46	0.0481298390
5.48	0.0201900590
5.50	-0.0027531900
5.52	0.0297752400
5.54	0.0453766480
5.56	0.0800464470
5.58	0.1050291000
5.60	0.1376595000
5.62	0.1641716900
5.64	0.1896641900
5.66	0.1305216000
5.68	0.0652607980
5.70	0.0208018790
5.72	0.0320185790
5.74	0.0380348080
5.76	0.0505771170
5.78	0.0239629490
5.80	-0.0085654793
5.82	-0.0171309590
5.84	-0.0115226100
5.86	-0.0233511290
5.88	-0.0252885580
5.90	-0.0160092890
5.92	-0.0070359299
5.94	0.0149895890
5.96	0.0386466300
5.98	0.0590406300
6.00	0.0260023490
6.02	-0.0041807698
6.04	-0.0436431580
6.06	-0.0135620100
6.08	0.0096871497
6.10	0.0234530990
6.12	-0.0131541290
6.14	-0.0050984998
6.16	0.0081575997
6.18	0.0214136990
6.20	0.0387485990
6.22	0.0520046980
6.24	0.0160092890
6.26	-0.0032630399
6.28	-0.0113186700
6.30	0.0005098500
6.32	0.0077497196
6.34	0.0035689499
6.36	-0.0096871497
6.38	-0.0036709198
6.40	-0.0016315200
6.42	0.0038748598
6.44	0.0086674497
6.46	-0.0057103197
6.48	-0.0309988790
6.50	-0.0429293670
6.52	-0.0248806790
6.54	-0.0240649200
6.56	-0.0180486900
6.58	-0.0131541290
6.60	-0.0018354599
6.62	0.0206999090
6.64	-0.0110127600
6.66	-0.0092792701
6.68	-0.0034669800
6.70	-0.0108088200
6.72	-0.0113186700
6.74	-0.0100950290
6.76	-0.0002039400
6.78	0.0074438099
6.80	0.0239629490
6.82	0.0361993490
6.84	0.0718888480
6.86	0.0794346290
6.88	0.0187624790
6.90	-0.0268181080
6.92	-0.0126442790
6.94	-0.0042827397
6.96	0.0162132290
6.98	0.0048945600
7.00	-0.0223314290
7.02	-0.0476199890
7.04	-0.0436431580
7.06	-0.0220255200
7.08	-0.0043847100
7.10	0.0162132290
7.12	0.0326303990
7.14	0.0427254300
7.16	0.0125423100
7.18	-0.0163151990
7.20	-0.0208018790
7.22	-0.0083615395
7.24	-0.0210058200
7.26	-0.0139698890
7.28	-0.0056083498
7.30	0.0054044100
7.32	0.0136639790
7.34	0.0271240190
7.36	0.0236570400
7.38	0.0080556298
7.40	-0.0008157600
7.42	0.0203939990
7.44	0.0443569480
7.46	0.0501692390
7.48	0.0194762700
7.50	0.0093812395
7.52	-0.0022433400
7.54	-0.0021413698
7.56	0.0053024396
7.58	0.0094832099
7.60	0.0260023490
7.62	0.0375249580
7.64	0.0535342480
7.66	0.0551657670
7.68	0.0433372480
7.70	0.0405840580
7.72	0.0570012300
7.74	0.0770893160
7.76	0.0372190490
7.78	0.0419096670
7.80	0.0099930598
7.82	-0.0208018790
7.84	-0.0253905290
7.86	-0.0412978490
7.88	-0.0421136080
7.90	-0.0480278670
7.92	-0.0441530080
7.94	-0.0467022580
7.96	-0.0058122896
7.98	0.0181506590
8.00	-0.0212097580
8.02	-0.0501692390
8.04	-0.0540440980
8.06	-0.0369131390
8.08	-0.0412978490
8.10	-0.0314067580
8.12	-0.0322225190
8.14	-0.0270220490
8.16	-0.0270220490
8.18	-0.0274299290
8.20	-0.0351796490
8.22	-0.0315087290
8.24	-0.0221274900
8.26	-0.0079536599
8.28	0.0088713895
8.30	0.0286535690
8.32	0.0316106990
8.34	0.0365052580
8.36	0.0347717670
8.38	0.0365052580
8.40	0.0292653900
8.42	0.0311008490
8.44	0.0114206390
8.46	0.0218215790
8.48	0.0138679200
8.50	0.0391564800
8.52	-0.0877961650
8.54	-0.1376595000
8.56	-0.1366398000
8.58	-0.1376595000
8.60	-0.1213443000
8.62	-0.1060488000
8.64	-0.0845331290
8.66	-0.0663824660
8.68	-0.0452746800
8.70	-0.0263082580
8.72	-0.0061181998
8.74	-0.0092792701
8.76	-0.0185585400
8.78	-0.0149895890
8.80	0.0086674497
8.82	0.0166211090
8.84	0.0050984998
8.86	0.0269200790
8.88	0.0593465390
8.90	0.0884079840
8.92	0.1223640000
8.94	0.1733489900
8.96	0.1131867000
8.98	-0.1121670000
9.00	-0.0373210170
9.02	-0.0453766480
9.04	-0.0240649200
9.06	-0.0978911970
9.08	-0.0668923160
9.10	-0.0608760890
9.12	-0.0683198980
9.14	-0.0562874390
9.16	-0.0027531900
9.18	0.0385446580
9.20	0.1091079000
9.22	0.1702898900
9.24	0.0965655840
9.26	0.0416037580
9.28	0.0680139850
9.30	0.0134600390
9.32	-0.0096871497
9.34	-0.0530243980
9.36	-0.0843291840
9.38	-0.1172655000
9.40	-0.1172655000
9.42	-0.0818819100
9.44	-0.0376269300
9.46	0.0029571300
9.48	0.0555736480
9.50	0.1203246000
9.52	0.1641716900
9.54	-0.0275318990
9.56	0.0034669800
9.58	-0.0057103197
9.60	0.0020393999
9.62	0.0148876200
9.64	0.0547578890
9.66	0.0813720600
9.68	-0.0209038490
9.70	-0.0601622980
9.72	-0.0172329290
9.74	-0.0178447490
9.76	-0.0028551599
9.78	0.0075457798
9.80	0.0389525390
9.82	0.0578169890
9.84	0.0767834100
9.86	0.0816779660
9.88	0.0603662390
9.90	0.0309988790
9.92	0.0023453099
9.94	0.0065260799
9.96	-0.0413998170
9.98	-0.0459884670
10.00	-0.0080556298
10.02	0.0171309590
10.04	0.0578169890
10.06	0.0094832099
10.08	-0.0056083498
10.10	0.0044866799
10.12	-0.0125423100
10.14	-0.0287555400
10.16	-0.0445608890
10.18	-0.0358934400
10.20	-0.0260023490
10.22	-0.0113186700
10.24	0.0209038490
10.26	0.0529224300
10.28	0.0870823790
10.30	0.1162458000
10.32	0.0747440110
10.34	0.0241668900
10.36	-0.0375249580
10.38	-0.0276338690
10.40	-0.0221274900
10.42	-0.0890198100
10.44	-0.0992168100
10.46	-0.0600603290
10.48	-0.0342619170
10.50	0.0078516895
10.52	0.0264102290
10.54	0.0518007570
10.56	0.0368111670
10.58	0.0082595701
10.60	-0.0057103197
10.62	-0.0213117290
10.64	-0.0323244900
10.66	-0.0242688580
10.68	-0.0383407170
10.70	-0.0560834980
10.72	-0.0736223340
10.74	-0.0818819100
10.76	-0.0533303070
10.78	-0.0346697990
10.80	-0.0011216700
10.82	0.0066280498
10.84	-0.0037728899
10.86	-0.0005098500
10.88	-0.0171309590
10.90	-0.0418076990
10.92	-0.0081575997
10.94	0.0080556298
10.96	0.0381367800
10.98	0.0627115480
11.00	0.0678100480
11.02	0.0259003790
11.04	-0.0058122896
11.06	-0.0483337800
11.08	-0.0363013170
11.10	-0.0247787080
11.12	-0.0048945600
11.14	0.0128482200
11.16	0.0386466300
11.18	0.0245747700
11.20	-0.0231471900
11.22	-0.0436431580
11.24	-0.0692376290
11.26	-0.0674021660
11.28	-0.0601622980
11.30	-0.0523106070
11.32	-0.0416037580
11.34	-0.0315087290
11.36	-0.0271240190
11.38	-0.0551657670
11.40	-0.0640371570
11.42	-0.0925887600
11.44	-0.1131867000
11.46	-0.0898355650
11.48	-0.0785168970
11.50	-0.0593465390
11.52	-0.0482318080
11.54	-0.0339560080
11.56	-0.0202920290
11.58	0.0020393999
11.60	0.0215156700
11.62	0.0440510390
11.64	0.0625076070
11.66	0.0782109840
11.68	0.0951380100
11.70	0.1091079000
11.72	0.1152261000
11.74	0.1213443000
11.76	0.1274625000
11.78	0.1356201000
11.80	0.1621322900
11.82	0.1835459900
11.84	0.2080187900
11.86	0.1264428000
11.88	0.0450707390
11.90	-0.0142758000
11.92	-0.0679120160
11.94	-0.0565933480
11.96	-0.0706652110
11.98	-0.1003384800
12.00	-0.1274625000
12.02	-0.1203246000
12.04	-0.1070685000
12.06	-0.0938123970
12.08	-0.0757637100
12.10	-0.0824937290
12.12	-0.0866744970
12.14	-0.0876941970
12.16	-0.0880001100
12.18	-0.0890198100
12.20	-0.0885099600
12.22	-0.0902434470
12.24	-0.0547578890
12.26	0.0053024396
12.28	0.0219235490
12.30	0.0249826490
12.32	0.0591425980
12.34	0.0320185790
12.36	0.0240649200
12.38	0.0494554480
12.40	0.0600603290
12.42	0.0535342480
12.44	0.0361993490
12.46	0.0200880900
12.48	0.0202920290
12.50	0.0501692390
12.52	0.0349757080
12.54	0.0293673580
12.56	0.0440510390
12.58	0.0243708290
12.60	0.0089733599
12.62	0.0078516895
12.64	-0.0150915600
12.66	-0.0078516895
12.68	-0.0019374299
12.70	0.0076477497
12.72	0.0044866799
12.74	-0.0147856490
12.76	-0.0322225190
12.78	-0.0245747700
12.80	-0.0028551599
12.82	0.0185585400
12.84	0.0434392170
12.86	0.0447648300
12.88	0.0522086390
12.90	0.0475180170
12.92	0.0488436300
12.94	0.0196802090
12.96	0.0226373400
12.98	0.0279397790
13.00	0.0400742080
13.02	0.0513928800
13.04	0.0588366890
13.06	0.0599583570
13.08	0.0838193340
13.10	0.0812700840
13.12	0.0967695280
13.14	0.0351796490
13.16	0.0045886498
13.18	-0.0125423100
13.20	-0.0353835900
13.22	-0.0434392170
13.24	-0.0424195170
13.26	-0.0280417490
13.28	-0.0275318990
13.30	0.0075457798
13.32	0.0436431580
13.34	-0.0235550700
13.36	-0.0394623890
13.38	-0.0084635099
13.40	0.0141738290
13.42	0.0453766480
13.44	0.0027531900
13.46	-0.0710730840
13.48	-0.0811681160
13.50	-0.0255944700
13.52	-0.0137659500
13.54	0.0080556298
13.56	-0.0117265500
13.58	-0.0255944700
13.60	-0.0339560080
13.62	-0.0274299290
13.64	-0.0306929690
13.66	-0.0203939990
13.68	-0.0068319896
13.70	-0.0038748598
13.72	0.0107068500
13.74	0.0301831190
13.76	0.0350776800
13.78	0.0975852840
13.80	0.0915690600
13.82	0.0182526290
13.84	-0.0369131390
13.86	-0.1013581800
13.88	-0.0822897840
13.90	-0.0758656790
13.92	-0.0549618300
13.94	-0.0336500990
13.96	-0.0130521600
13.98	0.0031610698
14.00	0.0150915600
14.02	0.0518007570
14.04	-0.0022433400
14.06	-0.0498633300
14.08	-0.0365052580
14.10	-0.0704612660
14.12	-0.0526165170
14.14	-0.0378308670
14.16	0.0089733599
14.18	0.0644450390
14.20	0.0857567650
14.22	0.1305216000
14.24	0.1417383000
14.26	0.1213443000
14.28	0.0765794660
14.30	0.0229432490
14.32	-0.0089733599
14.34	-0.0231471900
14.36	0.0075457798
14.38	0.0184565700
14.40	0.0554716800
14.42	0.0406860300
14.44	0.0045886498
14.46	-0.0083615395
14.48	-0.0188644490
14.50	-0.0020393999
14.52	0.0006118200
14.54	-0.0119304890
14.56	-0.0214136990
14.58	-0.0308969080
14.60	-0.0522086390
14.62	-0.0741321840
14.64	-0.0590406300
14.66	-0.0271240190
14.68	-0.0181506590
14.70	0.0040787999
14.72	0.0099930598
14.74	0.0139698890
14.76	0.0225353700
14.78	0.0445608890
14.80	0.0092792701
14.82	-0.0558795570
14.84	-0.0565933480
14.86	-0.0247787080
14.88	-0.0082595701
14.90	0.0254924990
14.92	0.0418076990
14.94	0.0185585400
14.96	-0.0027531900
14.98	-0.0247787080
15.00	-0.0015295499
15.02	0.0251865900
15.04	0.0491495390
15.06	0.0798425100
15.08	0.0634253390
15.10	0.0337520670
15.12	-0.0014275799
15.14	-0.0198841490
15.16	-0.0251865900
15.18	-0.0216176400
15.20	-0.0112167000
15.22	0.0050984998
15.24	0.0245747700
15.26	-0.0034669800
15.28	-0.0220255200
15.30	-0.0480278670
15.32	-0.0370151080
15.34	-0.0198841490
15.36	-0.0018354599
15.38	0.0173348990
15.40	-0.0081575997
15.42	0.0005098500
15.44	0.0234530990
15.46	0.0381367800
15.48	0.0612839660
15.50	0.0526165170
15.52	0.0440510390
15.54	0.0350776800
15.56	0.0514948480
15.58	0.0665864110
15.60	0.0696455110
15.62	0.0175388400
15.64	-0.0173348990
15.66	-0.0537381890
15.68	-0.0677080790
15.70	-0.0394623890
15.72	-0.0226373400
15.74	-0.0033650098
15.76	0.0121344290
15.78	-0.0130521600
15.80	-0.0357914670
15.82	-0.0524125800
15.84	-0.0341599490
15.86	-0.0222294580
15.88	-0.0012236400
15.90	0.0144797390
15.92	0.0071378998
15.94	-0.0064241100
15.96	-0.0122364000
15.98	-0.0328343400
16.00	-0.0352816170
16.02	-0.0092792701
16.04	0.0074438099
16.06	0.0315087290
16.08	0.0481298390
16.10	0.0614879070
16.12	0.0587347160
16.14	0.0336500990
16.16	-0.0074438099
16.18	-0.0792306840
16.20	-0.0619977570
16.22	-0.0446628580
16.24	-0.0213117290
16.26	0.0031610698
16.28	0.0356894990
16.30	0.0298772080
16.32	0.0123383700
16.34	0.0344658580
16.36	0.0323244900
16.38	0.0259003790
16.40	0.0210058200
16.42	0.0201900590
16.44	0.0177427790
16.46	0.0021413698
16.48	-0.0146836790
16.50	-0.0349757080
16.52	-0.0345678300
16.54	-0.0147856490
16.56	-0.0028551599
16.58	0.0173348990
16.60	-0.0097891200
16.62	-0.0260023490
16.64	-0.0284496290
16.66	-0.0395643580
16.68	-0.0246767400
16.70	-0.0219235490
16.72	-0.0185585400
16.74	-0.0177427790
16.76	-0.0038748598
16.78	-0.0027531900
16.80	-0.0188644490
16.82	-0.0125423100
16.84	0.0088713895
16.86	0.0349757080
16.88	0.0708691480
16.90	0.0927926970
16.92	0.0869804100
16.94	0.0774971970
16.96	0.0523106070
16.98	0.0189664200
17.00	0.0015295499
17.02	-0.0193742990
17.04	-0.0153974700
17.06	-0.0074438099
17.08	0.0021413698
17.10	0.0131541290
17.12	0.0219235490
17.14	0.0024472800
17.16	-0.0126442790
17.18	-0.0335481300
17.20	-0.0529224300
17.22	-0.0721947610
17.24	-0.0590406300
17.26	-0.0471101390
17.28	-0.0313047900
17.30	-0.0147856490
17.32	-0.0009177299
17.34	-0.0183545990
17.36	-0.0324264580
17.38	-0.0474160480
17.40	-0.0398702670
17.42	-0.0351796490
17.44	-0.0322225190
17.46	-0.0443569480
17.48	-0.0500672670
17.50	-0.0484357480
17.52	-0.0428273990
17.54	-0.0368111670
17.56	-0.0282456900
17.58	-0.0263082580
17.60	-0.0141738290
17.62	-0.0069339600
17.64	0.0516987890
17.66	0.0736223340
17.68	0.0895296600
17.70	0.0797405340
17.72	0.0780070470
17.74	0.0447648300
17.76	0.0081575997
17.78	0.0013256099
17.80	-0.0128482200
17.82	-0.0015295499
17.84	0.0030590999
17.86	0.0106048790
17.88	0.0106048790
17.90	0.0196802090
17.92	0.0209038490
17.94	0.0075457798
17.96	-0.0057103197
17.98	-0.0073418396
18.00	0.0071378998
18.02	0.0108088200
18.04	0.0149895890
18.06	-0.0009177299
18.08	-0.0162132290
18.10	-0.0190683900
18.12	-0.0007137900
18.14	0.0158053490
18.16	0.0107068500
18.18	-0.0117265500
18.20	-0.0307949400
18.22	-0.0315087290
18.24	-0.0096871497
18.26	-0.0059142600
18.28	0.0004078800
18.30	0.0020393999
18.32	0.0050984998
18.34	0.0058122896
18.36	0.0098910895
18.38	0.0136639790
18.40	0.0180486900
18.42	0.0222294580
18.44	0.0266141690
18.46	0.0307949400
18.48	0.0352816170
18.50	0.0393604170
18.52	0.0483337800
18.54	0.0400742080
18.56	0.0242688580
18.58	0.0117265500
18.60	-0.0080556298
18.62	-0.0126442790
18.64	0.0055063799
18.66	0.0027531900
18.68	-0.0254924990
18.70	-0.0577150160
18.72	-0.0642410980
18.74	-0.0602642660
18.76	-0.0421136080
18.78	-0.0069339600
18.80	0.0277358400
18.82	0.0282456900
18.84	-0.0021413698
18.86	-0.0061181998
18.88	-0.0112167000
18.90	-0.0225353700
18.92	-0.0424195170
18.94	-0.0529224300
18.96	-0.0226373400
18.98	0.0030590999
19.00	0.0080556298
19.02	0.0141738290
19.04	0.0174368700
19.06	0.0257984080
19.08	0.0329363080
19.10	0.0398702670
19.12	0.0167230790
19.14	-0.0138679200
19.16	-0.0329363080
19.18	-0.0296732690
19.20	-0.0292653900
19.22	-0.0309988790
19.24	-0.0345678300
19.26	-0.0249826490
19.28	-0.0077497196
19.30	0.0127462500
19.32	0.0383407170
19.34	0.0409919390
19.36	0.0249826490
19.38	0.0159073200
19.40	-0.0040787999
19.42	-0.0156014100
19.44	-0.0294693290
19.46	-0.0322225190
19.48	-0.0113186700
19.50	0.0095851793
19.52	0.0341599490
19.54	0.0587347160
19.56	0.0432352800
19.58	0.0145817100
19.60	-0.0007137900
19.62	-0.0137659500
19.64	-0.0275318990
19.66	-0.0347717670
19.68	-0.0364032900
19.70	-0.0403801170
19.72	-0.0409919390
19.74	-0.0497613570
19.76	-0.0489455980
19.78	-0.0413998170
19.80	-0.0415017890
19.82	-0.0357914670
19.84	-0.0190683900
19.86	-0.0058122896
19.88	0.0044866799
19.90	-0.0019374299
19.92	-0.0073418396
19.94	-0.0172329290
19.96	-0.0117265500
19.98	0.0128482200
20.00	0.0365052580
20.02	0.0666883790
20.04	0.0730105160
20.06	0.0777011340
20.08	0.0753558290
20.10	0.0640371570
20.12	0.0493534800
20.14	0.0269200790
20.16	-0.0044866799
20.18	-0.0293673580
20.20	-0.0391564800
20.22	-0.0501692390
20.24	-0.0436431580
20.26	-0.0424195170
20.28	-0.0281437190
20.30	-0.0053024396
20.32	0.0241668900
20.34	0.0434392170
20.36	0.0615898790
20.38	0.0460904390
20.40	0.0289594790
20.42	0.0128482200
20.44	-0.0055063799
20.46	-0.0280417490
20.48	-0.0431333080
20.50	-0.0178447490
20.52	0.0001019700
20.54	0.0259003790
20.56	0.0490475670
20.58	0.0653627660
20.60	0.0564913800
20.62	0.0421136080
20.64	0.0187624790
20.66	-0.0048945600
20.68	-0.0308969080
20.70	-0.0541460670
20.72	-0.0721947610
20.74	-0.0946281600
20.76	-0.0880001100
20.78	-0.0643430660
20.80	-0.0383407170
20.82	0.0088713895
20.84	0.0315087290
20.86	0.0600603290
20.88	0.0626095790
20.90	0.0392584490
20.92	0.0357914670
20.94	0.0317126690
20.96	0.0250846200
20.98	0.0019374299
21.00	-0.0201900590
21.02	-0.0161112600
21.04	-0.0015295499
21.06	0.0100950290
21.08	0.0291634190
21.10	0.0416037580
21.12	0.0574091070
21.14	0.0541460670
21.16	0.0320185790
21.18	0.0168250490
21.20	-0.0024472800
21.22	-0.0192723290
21.24	-0.0281437190
21.26	-0.0378308670
21.28	-0.0458864980
21.30	-0.0544519800
21.32	-0.0492515080
21.34	-0.0386466300
21.36	-0.0301831190
21.38	-0.0199861200
21.40	-0.0187624790
21.42	-0.0162132290
21.44	-0.0121344290
21.46	-0.0054044100
21.48	0.0002039400
21.50	0.0060162299
21.52	-0.0023453099
21.54	-0.0114206390
21.56	-0.0209038490
21.58	-0.0328343400
21.60	-0.0395643580
21.62	-0.0347717670
21.64	-0.0292653900
21.66	-0.0334461580
21.68	-0.0415017890
21.70	-0.0496593890
21.72	-0.0574091070
21.74	-0.0656686790
21.76	-0.0565933480
21.78	-0.0454786170
21.80	-0.0008157600
21.82	0.0257984080
21.84	0.0419096670
21.86	0.0656686790
21.88	0.0590406300
21.90	0.0483337800
21.92	0.0391564800
21.94	0.0392584490
21.96	0.0346697990
21.98	0.0364032900
22.00	0.0008157600
22.02	-0.0259003790
22.04	-0.0469061980
22.06	-0.0480278670
22.08	-0.0226373400
22.10	-0.0066280498
22.12	0.0167230790
22.14	0.0361993490
22.16	0.0513928800
22.18	0.0378308670
22.20	0.0285515990
22.22	0.0161112600
22.24	0.0041807698
22.26	-0.0027531900
22.28	0.0021413698
22.30	0.0044866799
22.32	0.0100950290
22.34	0.0137659500
22.36	0.0095851793
22.38	0.0059142600
22.40	0.0022433400
22.42	-0.0031610698
22.44	-0.0031610698
22.46	0.0004078800
22.48	-0.0025492499
22.50	-0.0126442790
22.52	-0.0239629490
22.54	-0.0413998170
22.56	-0.0540440980
22.58	-0.0714809660
22.60	-0.0329363080
22.62	-0.0053024396
22.64	0.0095851793
22.66	0.0334461580
22.68	0.0487416580
22.70	0.0519027300
22.72	0.0365052580
22.74	0.0348737400
22.76	0.0312028190
22.78	0.0290614490
22.80	0.0268181080
22.82	0.0171309590
22.84	-0.0005098500
22.86	-0.0216176400
22.88	-0.0372190490
22.90	-0.0316106990
22.92	-0.0302850900
22.94	-0.0285515990
22.96	-0.0241668900
22.98	-0.0271240190
23.00	-0.0314067580
23.02	-0.0373210170
23.04	-0.0364032900
23.06	-0.0314067580
23.08	-0.0196802090
23.10	0.0019374299
23.12	0.0199861200
23.14	0.0163151990
23.16	0.0131541290
23.18	0.0142758000
23.20	0.0112167000
23.22	0.0110127600
23.24	0.0093812395
23.26	0.0090753293
23.28	0.0019374299
23.30	-0.0133580700
23.32	-0.0251865900
23.34	-0.0444589170
23.36	-0.0440510390
23.38	-0.0305909990
23.40	-0.0195782400
23.42	-0.0048945600
23.44	0.0098910895
23.46	0.0171309590
23.48	0.0150915600
23.50	0.0176408090
23.52	0.0079536599
23.54	-0.0059142600
23.56	-0.0219235490
23.58	-0.0238609790
23.60	0.0061181998
23.62	0.0267161400
23.64	0.0274299290
23.66	0.0085654793
23.68	-0.0041807698
23.70	-0.0231471900
23.72	-0.0077497196
23.74	0.0031610698
23.76	0.0185585400
23.78	0.0316106990
23.80	0.0488436300
23.82	0.0468042300
23.84	0.0169270200
23.86	-0.0059142600
23.88	-0.0403801170
23.90	-0.0452746800
23.92	-0.0245747700
23.94	-0.0102989700
23.96	0.0221274900
23.98	0.0266141690
24.00	0.0123383700
24.02	0.0008157600
24.04	-0.0171309590
24.06	-0.0389525390
24.08	-0.0577150160
24.10	-0.0796385660
24.12	-0.0631194290
24.14	-0.0261043190
24.16	0.0044866799
24.18	0.0464983170
24.20	0.0798425100
24.22	0.1121670000
24.24	0.0971774100
24.26	0.0498633300
24.28	0.0124403390
24.30	-0.0394623890
24.32	-0.0862666150
24.34	-0.1254231000
24.36	-0.0881020790
24.38	-0.0628135160
24.40	-0.0232491580
24.42	0.0152954990
24.44	0.0486396890
24.46	0.0329363080
24.48	0.0252885580
24.50	0.0096871497
24.52	0.0231471900
24.54	0.0344658580
24.56	0.0514948480
24.58	0.0605701790
24.60	0.0529224300
24.62	0.0562874390
24.64	0.0606721480
24.66	0.0629154890
24.68	0.0604682070
24.70	0.0475180170
24.72	0.0161112600
24.74	-0.0078516895
24.76	-0.0234530990
24.78	-0.0308969080
24.80	-0.0335481300
24.82	-0.0371170800
24.84	-0.0499652980
24.86	-0.0673001980
24.88	-0.0737243110
24.90	-0.0799444790
24.92	-0.0862666150
24.94	-0.0577150160
24.96	-0.0213117290
24.98	0.0130521600
25.00	0.0388505670
25.02	0.0497613570
25.04	0.0370151080
25.06	0.0254924990
25.08	0.0161112600
25.10	0.0384426890
25.12	0.0605701790
25.14	0.0642410980
25.16	0.0377288990
25.18	0.0221274900
25.20	0.0040787999
25.22	0.0023453099
25.24	-0.0063221396
25.26	-0.0291634190
25.28	-0.0387485990
25.30	-0.0466002890
25.32	-0.0514948480
25.34	-0.0792306840
25.36	-0.0640371570
25.38	-0.0192723290
25.40	0.0192723290
25.42	0.0519027300
25.44	0.0758656790
25.46	0.0763755290
25.48	0.0573071390
25.50	0.0463963480
25.52	0.0535342480
25.54	0.0647509480
25.56	0.0745400660
25.58	0.0867764650
25.60	0.0945261840
25.62	0.0994207470
25.64	0.0947301280
25.66	0.0830035790
25.68	0.0269200790
25.70	-0.0294693290
25.72	-0.0918749650
25.74	-0.1386792000
25.76	-0.0875922290
25.78	-0.0477219580
25.80	0.0082595701
25.82	0.0605701790
25.84	0.0839213100
25.86	0.0566953160
25.88	0.0306929690
25.90	-0.0011216700
25.92	-0.0387485990
25.94	-0.0353835900
25.96	-0.0020393999
25.98	0.0183545990
26.00	0.0645470070
26.02	0.1029897000
26.04	0.1142064000
26.06	0.1131867000
26.08	0.0958517970
26.10	0.0820858470
26.12	0.0619977570
26.14	0.0518007570
26.16	0.0210058200
26.18	-0.0204959700
26.20	-0.0583268390
26.22	-0.1040094000
26.24	-0.1356201000
26.26	-0.1254231000
26.28	-0.1233837000
26.30	-0.1029897000
26.32	-0.0777011340
26.34	-0.0558795570
26.36	-0.0498633300
26.38	-0.0412978490
26.40	-0.0296732690
26.42	-0.0179467200
26.44	-0.0143777700
26.46	-0.0099930598
26.48	-0.0050984998
26.50	0.0019374299
26.52	0.0081575997
26.54	0.0035689499
26.56	-0.0029571300
26.58	-0.0062201697
26.60	-0.0034669800
26.62	-0.0013256099
26.64	0.0077497196
26.66	0.0209038490
26.68	0.0333441900
26.70	0.0458864980
26.72	0.0588366890
26.74	0.0573071390
26.76	0.0473140800
26.78	0.0305909990
26.80	0.0109107890
26.82	-0.0004078800
26.84	-0.0033650098
26.86	-0.0070359299
26.88	-0.0102989700
26.90	-0.0204959700
26.92	-0.0191703590
26.94	0.0025492499
26.96	0.0136639790
26.98	0.0247787080
27.00	0.0271240190
27.02	0.0270220490
27.04	0.0158053490
27.06	-0.0019374299
27.08	-0.0096871497
27.10	-0.0220255200
27.12	-0.0170289900
27.14	-0.0122364000
27.16	-0.0065260799
27.18	-0.0131541290
27.20	-0.0166211090
27.22	-0.0196802090
27.24	-0.0246767400
27.26	-0.0240649200
27.28	-0.0178447490
27.30	-0.0126442790
27.32	-0.0188644490
27.34	-0.0270220490
27.36	-0.0329363080
27.38	-0.0342619170
27.40	-0.0462943800
27.42	-0.0438470980
27.44	-0.0340579800
27.46	-0.0217196080
27.48	-0.0070359299
27.50	0.0030590999
27.52	0.0003059100
27.54	-0.0094832099
27.56	-0.0090753293
27.58	-0.0152954990
27.60	-0.0167230790
27.62	-0.0242688580
27.64	-0.0329363080
27.66	-0.0429293670
27.68	-0.0466002890
27.70	-0.0404820890
27.72	-0.0355875300
27.74	-0.0263082580
27.76	-0.0175388400
27.78	-0.0020393999
27.80	0.0159073200
27.82	0.0289594790
27.84	0.0369131390
27.86	0.0360973800
27.88	0.0274299290
27.90	0.0102989700
27.92	-0.0045886498
27.94	-0.0127462500
27.96	-0.0249826490
27.98	-0.0233511290
28.00	-0.0128482200
28.02	-0.0069339600
28.04	0.0018354599
28.06	0.0094832099
28.08	0.0203939990
28.10	0.0291634190
28.12	0.0372190490
28.14	0.0317126690
28.16	0.0184565700
28.18	0.0024472800
28.20	-0.0159073200
28.22	-0.0325284280
28.24	-0.0223314290
28.26	-0.0120324600
28.28	0.0015295499
28.30	0.0156014100
28.32	0.0303870580
28.34	0.0247787080
28.36	0.0138679200
28.38	0.0104009390
28.40	0.0024472800
28.42	-0.0010197000
28.44	-0.0023453099
28.46	-0.0036709198
28.48	-0.0048945600
28.50	-0.0090753293
28.52	-0.0158053490
28.54	-0.0150915600
28.56	-0.0077497196
28.58	0.0000000000
28.60	-0.0020393999
28.62	-0.0150915600
28.64	-0.0229432490
28.66	-0.0381367800
28.68	-0.0372190490
28.70	-0.0255944700
28.72	-0.0167230790
28.74	-0.0014275799
28.76	0.0156014100
28.78	0.0307949400
28.80	0.0400742080
28.82	0.0413998170
28.84	0.0392584490
28.86	0.0335481300
28.88	0.0186605090
28.90	0.0127462500
28.92	0.0071378998
28.94	-0.0001019700
28.96	-0.0069339600
28.98	-0.0132561000
29.00	-0.0130521600
29.02	-0.0117265500
29.04	-0.0104009390
29.06	-0.0085654793
29.08	-0.0143777700
29.10	-0.0209038490
29.12	-0.0274299290
29.14	-0.0356894990
29.16	-0.0366072300
29.18	-0.0302850900
29.20	-0.0231471900
29.22	0.0018354599
29.24	0.0100950290
29.26	0.0206999090
29.28	0.0261043190
29.30	0.0202920290
29.32	0.0163151990
29.34	0.0109107890
29.36	0.0159073200
29.38	0.0201900590
29.40	0.0246767400
29.42	0.0143777700
29.44	0.0056083498
29.46	-0.0067300197
29.48	-0.0098910895
29.50	-0.0026512198
29.52	0.0016315200
29.54	0.0101970000
29.56	0.0095851793
29.58	0.0039768300
29.60	0.0000000000
29.62	-0.0067300197
29.64	-0.0100950290
29.66	-0.0111147290
29.68	-0.0117265500
29.70	-0.0133580700
29.72	-0.0171309590
29.74	-0.0202920290
29.76	-0.0106048790
29.78	-0.0010197000
29.80	0.0056083498
29.82	0.0131541290
29.84	0.0203939990
29.86	0.0202920290
29.88	0.0172329290
29.90	0.0145817100
29.92	0.0111147290
29.94	0.0130521600
29.96	0.0154994390
29.98	0.0139698890
30.00	0.0119304890
30.02	0.0098910895
30.04	0.0061181998
30.06	-0.0028551599
30.08	-0.0050984998
30.10	-0.0085654793
30.12	-0.0181506590
30.14	-0.0327323670
30.16	-0.0428273990
30.18	-0.0528204570
30.20	-0.0481298390
30.22	-0.0401761800
30.24	-0.0295712990
30.26	-0.0112167000
30.28	0.0050984998
30.30	0.0134600390
30.32	0.0160092890
30.34	0.0180486900
30.36	0.0198841490
30.38	0.0260023490
30.40	0.0337520670
30.42	0.0334461580
30.44	0.0256964400
30.46	0.0176408090
30.48	0.0045886498
30.50	-0.0086674497
30.52	-0.0193742990
30.54	-0.0233511290
30.56	-0.0309988790
30.58	-0.0282456900
30.60	-0.0231471900
30.62	-0.0177427790
30.64	-0.0123383700
30.66	-0.0128482200
30.68	-0.0131541290
30.70	-0.0081575997
30.72	-0.0026512198
30.74	0.0039768300
30.76	0.0066280498
30.78	0.0056083498
30.80	0.0050984998
30.82	0.0065260799
30.84	0.0128482200
30.86	0.0182526290
30.88	0.0247787080
30.90	0.0313047900
30.92	0.0303870580
30.94	0.0255944700
30.96	0.0220255200
30.98	0.0166211090
31.00	0.0195782400
31.02	0.0238609790
31.04	0.0287555400
31.06	0.0306929690
31.08	0.0199861200
31.10	0.0108088200
31.12	-0.0039768300
31.14	-0.0166211090
31.16	-0.0328343400
31.18	-0.0341599490
31.20	-0.0223314290
31.22	-0.0150915600
31.24	-0.0010197000
31.26	0.0011216700
31.28	-0.0054044100
31.30	-0.0102989700
31.32	-0.0128482200
31.34	-0.0145817100
31.36	-0.0131541290
31.38	-0.0106048790
31.40	-0.0072398697
31.42	-0.0018354599
31.44	0.0033650098
31.46	0.0086674497
31.48	0.0161112600
31.50	0.0243708290
31.52	0.0325284280
31.54	0.0347717670
31.56	0.0324264580
31.58	0.0217196080
31.60	0.0074438099
31.62	0.0009177299
31.64	-0.0015295499
31.66	-0.0047925896
31.68	-0.0076477497
31.70	-0.0123383700
31.72	-0.0159073200
31.74	-0.0118285200
31.76	-0.0057103197
31.78	-0.0006118200
31.80	-0.0003059100
31.82	-0.0003059100
31.84	0.0014275799
31.86	0.0046906197
31.88	0.0073418396
31.90	0.0087694201
31.92	0.0099930598
31.94	0.0126442790
31.96	0.0149895890
31.98	0.0175388400
32.00	0.0203939990
32.02	0.0261043190
32.04	0.0323244900
32.06	0.0292653900
32.08	0.0235550700
32.10	0.0107068500
32.12	-0.0001019700
32.14	-0.0011216700
32.16	-0.0036709198
32.18	-0.0054044100
32.20	-0.0084635099
32.22	-0.0053024396
32.24	-0.0007137900
32.26	0.0037728899
32.28	0.0097891200
32.30	0.0158053490
32.32	0.0209038490
32.34	0.0145817100
32.36	0.0074438099
32.38	0.0021413698
32.40	-0.0022433400
32.42	-0.0071378998
32.44	-0.0101970000
32.46	-0.0076477497
32.48	-0.0055063799
32.50	-0.0029571300
32.52	-0.0015295499
32.54	0.0000000000
32.56	-0.0001019700
32.58	-0.0006118200
32.60	-0.0011216700
32.62	-0.0010197000
32.64	-0.0003059100
32.66	0.0001019700
32.68	0.0016315200
32.70	0.0054044100
32.72	0.0087694201
32.74	0.0128482200
32.76	0.0157033790
32.78	0.0133580700
32.80	0.0104009390
32.82	0.0057103197
32.84	0.0006118200
32.86	-0.0040787999
32.88	-0.0099930598
32.90	-0.0097891200
32.92	-0.0046906197
32.94	-0.0007137900
32.96	0.0031610698
32.98	0.0045886498
33.00	0.0069339600
33.02	0.0053024396
33.04	0.0045886498
33.06	0.0018354599
33.08	-0.0002039400
33.10	-0.0029571300
33.12	-0.0028551599
33.14	-0.0017334900
33.16	-0.0006118200
33.18	-0.0005098500
33.20	-0.0017334900
33.22	-0.0022433400
33.24	-0.0036709198
33.26	-0.0032630399
33.28	-0.0007137900
33.30	0.0014275799
33.32	0.0041807698
33.34	0.0066280498
33.36	0.0064241100
33.38	0.0053024396
33.40	0.0006118200
33.42	-0.0045886498
33.44	-0.0077497196
33.46	-0.0065260799
33.48	-0.0066280498
33.50	-0.0109107890
33.52	-0.0164171700
33.54	-0.0177427790
33.56	-0.0119304890
33.58	-0.0071378998
33.60	-0.0036709198
33.62	-0.0025492499
33.64	-0.0002039400
33.66	0.0004078800
33.68	0.0036709198
33.70	0.0083615395
33.72	0.0117265500
33.74	0.0071378998
33.76	0.0038748598
33.78	-0.0010197000
33.80	-0.0025492499
33.82	-0.0034669800
33.84	-0.0041807698
33.86	-0.0045886498
33.88	-0.0066280498
33.90	-0.0122364000
33.92	-0.0119304890
33.94	-0.0110127600
33.96	-0.0099930598
33.98	-0.0082595701
34.00	-0.0077497196
34.02	-0.0112167000
34.04	-0.0140718600
34.06	-0.0169270200
34.08	-0.0146836790
34.10	-0.0132561000
34.12	-0.0113186700
34.14	-0.0110127600
34.16	-0.0099930598
34.18	-0.0099930598
34.20	-0.0064241100
34.22	-0.0002039400
34.24	0.0055063799
34.26	0.0112167000
34.28	0.0154994390
34.30	0.0200880900
34.32	0.0173348990
34.34	0.0142758000
34.36	0.0105029100
34.38	0.0065260799
34.40	0.0010197000
34.42	-0.0068319896
34.44	-0.0107068500
34.46	-0.0124403390
34.48	-0.0140718600
34.50	-0.0169270200
34.52	-0.0219235490
34.54	-0.0274299290
34.56	-0.0279397790
34.58	-0.0221274900
34.60	-0.0181506590
34.62	-0.0118285200
34.64	-0.0062201697
34.66	0.0000000000
34.68	0.0055063799
34.70	0.0100950290
34.72	0.0146836790
34.74	0.0190683900
34.76	0.0236570400
34.78	0.0267161400
34.80	0.0260023490
34.82	0.0231471900
34.84	0.0174368700
34.86	0.0129501890
34.88	0.0055063799
34.90	-0.0047925896
34.92	-0.0151935290
34.94	-0.0214136990
34.96	-0.0259003790
34.98	-0.0256964400
35.00	-0.0249826490
35.02	-0.0230452200
35.04	-0.0182526290
35.06	-0.0138679200
35.08	-0.0083615395
35.10	-0.0014275799
35.12	0.0044866799
35.14	0.0090753293
35.16	0.0098910895
35.18	0.0101970000
35.20	0.0101970000
35.22	0.0106048790
35.24	0.0138679200
35.26	0.0123383700
35.28	0.0101970000
35.30	0.0073418396
35.32	0.0019374299
35.34	-0.0028551599
35.36	-0.0084635099
35.38	-0.0133580700
35.40	-0.0193742990
35.42	-0.0197821790
35.44	-0.0141738290
35.46	-0.0101970000
35.48	-0.0044866799
35.50	-0.0044866799
35.52	-0.0040787999
35.54	-0.0045886498
35.56	-0.0049965299
35.58	-0.0039768300
35.60	-0.0021413698
35.62	-0.0022433400
35.64	-0.0016315200
35.66	-0.0016315200
35.68	-0.0012236400
35.70	-0.0012236400
35.72	0.0028551599
35.74	0.0069339600
35.76	0.0117265500
35.78	0.0097891200
35.80	0.0057103197
35.82	0.0017334900
35.84	-0.0031610698
35.86	-0.0079536599
35.88	-0.0093812395
35.90	-0.0093812395
35.92	-0.0096871497
35.94	-0.0093812395
35.96	-0.0087694201
35.98	-0.0053024396
36.00	-0.0022433400
36.02	0.0014275799
36.04	0.0038748598
36.06	0.0034669800
36.08	0.0034669800
36.10	0.0029571300
36.12	0.0040787999
36.14	0.0055063799
36.16	0.0068319896
36.18	0.0086674497
36.20	0.0088713895
36.22	0.0078516895
36.24	0.0071378998
36.26	0.0062201697
36.28	0.0076477497
36.30	0.0088713895
36.32	0.0104009390
36.34	0.0113186700
36.36	0.0091772997
36.38	0.0076477497
36.40	0.0054044100
36.42	0.0063221396
36.44	0.0080556298
36.46	0.0098910895
36.48	0.0120324600
36.50	0.0137659500
36.52	0.0107068500
36.54	0.0078516895
36.56	0.0044866799
36.58	0.0012236400
36.60	-0.0021413698
36.62	-0.0042827397
36.64	-0.0069339600
36.66	-0.0088713895
36.68	-0.0122364000
36.70	-0.0162132290
36.72	-0.0201900590
36.74	-0.0237590080
36.76	-0.0263082580
36.78	-0.0275318990
36.80	-0.0283476580
36.82	-0.0292653900
36.84	-0.0283476580
36.86	-0.0275318990
36.88	-0.0263082580
36.90	-0.0255944700
36.92	-0.0223314290
36.94	-0.0176408090
36.96	-0.0131541290
36.98	-0.0111147290
37.00	-0.0107068500
37.02	-0.0096871497
37.04	-0.0092792701
37.06	-0.0073418396
37.08	-0.0060162299
37.10	-0.0040787999
37.12	-0.0023453099
37.14	0.0018354599
37.16	0.0035689499
37.18	0.0042827397
37.20	0.0048945600
37.22	0.0043847100
37.24	0.0043847100
37.26	0.0038748598
37.28	0.0036709198
37.30	0.0032630399
37.32	0.0047925896
37.34	0.0064241100
37.36	0.0086674497
37.38	0.0112167000
37.40	0.0136639790
37.42	0.0163151990
37.44	0.0184565700
37.46	0.0176408090
37.48	0.0171309590
37.50	0.0162132290
37.52	0.0149895890
37.54	0.0110127600
37.56	0.0069339600
37.58	0.0032630399
37.60	0.0009177299
37.62	0.0019374299
37.64	0.0028551599
37.66	0.0040787999
37.68	0.0055063799
37.70	0.0070359299
37.72	0.0096871497
37.74	0.0119304890
37.76	0.0145817100
37.78	0.0145817100
37.80	0.0127462500
37.82	0.0124403390
37.84	0.0126442790
37.86	0.0128482200
37.88	0.0132561000
37.90	0.0135620100
37.92	0.0108088200
37.94	0.0080556298
37.96	0.0046906197
37.98	0.0020393999
38.00	0.0005098500
38.02	-0.0011216700
38.04	-0.0025492499
38.06	-0.0011216700
38.08	0.0018354599
38.10	0.0043847100
38.12	0.0077497196
38.14	0.0105029100
38.16	0.0135620100
38.18	0.0102989700
38.20	0.0063221396
38.22	0.0018354599
38.24	-0.0027531900
38.26	-0.0081575997
38.28	-0.0090753293
38.30	-0.0055063799
38.32	-0.0030590999
38.34	0.0006118200
38.36	0.0012236400
38.38	0.0022433400
38.40	0.0027531900
38.42	0.0032630399
38.44	0.0048945600
38.46	0.0070359299
38.48	0.0090753293
38.50	0.0114206390
38.52	0.0135620100
38.54	0.0142758000
38.56	0.0139698890
38.58	0.0142758000
38.60	0.0137659500
38.62	0.0141738290
38.64	0.0104009390
38.66	0.0030590999
38.68	-0.0032630399
38.70	-0.0064241100
38.72	-0.0086674497
38.74	-0.0114206390
38.76	-0.0160092890
38.78	-0.0200880900
38.80	-0.0191703590
38.82	-0.0185585400
38.84	-0.0173348990
38.86	-0.0159073200
38.88	-0.0144797390
38.90	-0.0131541290
38.92	-0.0127462500
38.94	-0.0122364000
38.96	-0.0118285200
38.98	-0.0116245790
39.00	-0.0108088200
39.02	-0.0065260799
39.04	-0.0021413698
39.06	0.0002039400
39.08	-0.0004078800
39.10	-0.0004078800
39.12	-0.0014275799
39.14	-0.0019374299
39.16	-0.0008157600
39.18	0.0011216700
39.20	0.0027531900
39.22	0.0050984998
39.24	0.0054044100
39.26	0.0042827397
39.28	0.0030590999
39.30	0.0011216700
39.32	-0.0005098500
39.34	-0.0024472800
39.36	-0.0020393999
39.38	-0.0007137900
39.40	0.0004078800
39.42	0.0019374299
39.44	0.0033650098
39.46	0.0048945600
39.48	0.0058122896
39.50	0.0066280498
39.52	0.0075457798
39.54	0.0082595701
39.56	0.0092792701
39.58	0.0129501890
39.60	0.0172329290
39.62	0.0146836790
39.64	0.0107068500
39.66	0.0071378998
39.68	0.0035689499
39.70	0.0002039400
39.72	-0.0032630399
39.74	-0.0065260799
39.76	-0.0096871497
39.78	-0.0092792701
39.80	-0.0084635099
39.82	-0.0074438099
39.84	-0.0052004697
39.86	-0.0030590999
39.88	-0.0004078800
39.90	0.0033650098
39.92	0.0053024396
39.94	0.0044866799
39.96	0.0040787999
39.98	0.0030590999
40.00	0.0020393999
40.02	0.0010197000
40.04	0.0001019700
40.06	-0.0010197000
40.08	-0.0014275799
40.10	0.0002039400
40.12	0.0016315200
40.14	0.0030590999
40.16	0.0023453099
40.18	0.0016315200
40.20	0.0016315200
40.22	0.0026512198
40.24	0.0032630399
40.26	0.0045886498
40.28	0.0046906197
40.30	0.0021413698
40.32	-0.0003059100
40.34	-0.0030590999
40.36	-0.0061181998
40.38	-0.0088713895
40.40	-0.0118285200
40.42	-0.0109107890
40.44	-0.0095851793
40.46	-0.0079536599
40.48	-0.0069339600
40.50	-0.0064241100
40.52	-0.0058122896
40.54	-0.0050984998
40.56	-0.0041807698
40.58	-0.0033650098
40.60	-0.0024472800
40.62	-0.0014275799
40.64	-0.0005098500
40.66	0.0004078800
40.68	0.0013256099
40.70	0.0021413698
40.72	0.0001019700
40.74	-0.0018354599
40.76	-0.0040787999
40.78	-0.0065260799
40.80	-0.0088713895
40.82	-0.0112167000
40.84	-0.0131541290
40.86	-0.0153974700
40.88	-0.0168250490
40.90	-0.0177427790
40.92	-0.0187624790
40.94	-0.0197821790
40.96	-0.0205979400
40.98	-0.0217196080
41.00	-0.0201900590
41.02	-0.0176408090
41.04	-0.0137659500
41.06	-0.0066280498
41.08	-0.0014275799
41.10	0.0020393999
41.12	0.0056083498
41.14	0.0083615395
41.16	0.0090753293
41.18	0.0104009390
41.20	0.0094832099
41.22	0.0081575997
41.24	0.0062201697
41.26	0.0033650098
41.28	0.0003059100
41.30	-0.0024472800
41.32	-0.0058122896
41.34	-0.0045886498
41.36	-0.0013256099
41.38	0.0013256099
41.40	0.0033650098
41.42	0.0048945600
41.44	0.0055063799
41.46	0.0059142600
41.48	0.0063221396
41.50	0.0066280498
41.52	0.0070359299
41.54	0.0073418396
41.56	0.0076477497
41.58	0.0078516895
41.60	0.0074438099
41.62	0.0070359299
41.64	0.0065260799
41.66	0.0059142600
41.68	0.0055063799
41.70	0.0048945600
41.72	0.0062201697
41.74	0.0080556298
41.76	0.0097891200
41.78	0.0116245790
41.80	0.0128482200
41.82	0.0141738290
41.84	0.0133580700
41.86	0.0125423100
41.88	0.0116245790
41.90	0.0105029100
41.92	0.0088713895
41.94	0.0073418396
41.96	0.0057103197
41.98	0.0040787999
42.00	0.0024472800
42.02	0.0007137900
42.04	0.0004078800
42.06	0.0008157600
42.08	0.0009177299
42.10	0.0023453099
42.12	0.0042827397
42.14	0.0053024396
42.16	0.0062201697
42.18	0.0073418396
42.20	0.0080556298
42.22	0.0090753293
42.24	0.0096871497
42.26	0.0096871497
42.28	0.0094832099
42.30	0.0090753293
42.32	0.0025492499
42.34	0.0000000000
42.36	-0.0005098500
42.38	-0.0020393999
42.40	-0.0024472800
42.42	-0.0033650098
42.44	-0.0048945600
42.46	-0.0065260799
42.48	-0.0081575997
42.50	-0.0098910895
42.52	-0.0116245790
42.54	-0.0130521600
42.56	-0.0108088200
42.58	-0.0090753293
42.60	-0.0067300197
42.62	-0.0043847100
42.64	-0.0019374299
42.66	-0.0011216700
42.68	-0.0009177299
42.70	-0.0005098500
42.72	-0.0004078800
42.74	0.0005098500
42.76	0.0014275799
42.78	0.0024472800
42.80	0.0035689499
42.82	0.0043847100
42.84	0.0044866799
42.86	0.0039768300
42.88	0.0013256099
42.90	-0.0008157600
42.92	-0.0036709198
42.94	-0.0047925896
42.96	-0.0056083498
42.98	-0.0063221396
43.00	-0.0069339600
43.02	-0.0074438099
43.04	-0.0081575997
43.06	-0.0076477497
43.08	-0.0065260799
43.10	-0.0028551599
43.12	0.0005098500
43.14	0.0046906197
43.16	0.0066280498
43.18	0.0061181998
43.20	0.0061181998
43.22	0.0055063799
43.24	0.0049965299
43.26	0.0044866799
43.28	0.0039768300
43.30	0.0029571300
43.32	0.0000000000
43.34	-0.0026512198
43.36	-0.0053024396
43.38	-0.0042827397
43.40	-0.0037728899
43.42	-0.0025492499
43.44	-0.0015295499
43.46	-0.0002039400
43.48	0.0002039400
43.50	0.0000000000
43.52	-0.0001019700
43.54	-0.0004078800
43.56	-0.0007137900
43.58	-0.0006118200
43.60	-0.0001019700
43.62	0.0003059100
43.64	0.0007137900
43.66	-0.0001019700
43.68	-0.0007137900
43.70	-0.0015295499
43.72	-0.0024472800
43.74	-0.0029571300
43.76	-0.0028551599
43.78	-0.0028551599
43.80	-0.0025492499
43.82	-0.0024472800
43.84	-0.0021413698
43.86	-0.0027531900
43.88	-0.0044866799
43.90	-0.0059142600
43.92	-0.0077497196
43.94	-0.0085654793
43.96	-0.0083615395
43.98	-0.0084635099
44.00	-0.0076477497
44.02	-0.0050984998
44.04	-0.0028551599
44.06	-0.0002039400
44.08	0.0018354599
44.10	0.0018354599
44.12	0.0021413698
44.14	0.0021413698
44.16	0.0021413698
44.18	0.0031610698
44.20	0.0043847100
44.22	0.0049965299
44.24	0.0049965299
44.26	0.0049965299
44.28	0.0048945600
44.30	0.0047925896
44.32	0.0053024396
44.34	0.0068319896
44.36	0.0080556298
44.38	0.0096871497
44.40	0.0098910895
44.42	0.0097891200
44.44	0.0097891200
44.46	0.0094832099
44.48	0.0092792701
44.50	0.0090753293
44.52	0.0088713895
44.54	0.0085654793
44.56	0.0083615395
44.58	0.0081575997
44.60	0.0078516895
44.62	0.0063221396
44.64	0.0047925896
44.66	0.0035689499
44.68	0.0036709198
44.70	0.0034669800
44.72	0.0035689499
44.74	0.0036709198
44.76	0.0032630399
44.78	0.0019374299
44.80	0.0015295499
44.82	0.0014275799
44.84	0.0012236400
44.86	0.0012236400
44.88	0.0011216700
44.90	0.0000000000
44.92	-0.0010197000
44.94	-0.0020393999
44.96	-0.0025492499
44.98	-0.0029571300
45.00	-0.0033650098
45.02	-0.0037728899
45.04	-0.0048945600
45.06	-0.0064241100
45.08	-0.0078516895
45.10	-0.0093812395
45.12	-0.0109107890
45.14	-0.0124403390
45.16	-0.0140718600
45.18	-0.0145817100
45.20	-0.0122364000
45.22	-0.0105029100
45.24	-0.0079536599
45.26	-0.0068319896
45.28	-0.0064241100
45.30	-0.0059142600
45.32	-0.0057103197
45.34	-0.0054044100
45.36	-0.0050984998
45.38	-0.0048945600
45.40	-0.0045886498
45.42	-0.0042827397
45.44	-0.0039768300
45.46	-0.0031610698
45.48	-0.0026512198
45.50	-0.0011216700
45.52	0.0010197000
45.54	0.0031610698
45.56	0.0046906197
45.58	0.0048945600
45.60	0.0055063799
45.62	0.0056083498
45.64	0.0064241100
45.66	0.0085654793
45.68	0.0102989700
45.70	0.0085654793
45.72	0.0072398697
45.74	0.0054044100
45.76	0.0033650098
45.78	0.0028551599
45.80	0.0029571300
45.82	0.0028551599
45.84	0.0027531900
45.86	0.0012236400
45.88	-0.0001019700
45.90	-0.0010197000
45.92	-0.0011216700
45.94	-0.0016315200
45.96	-0.0015295499
45.98	-0.0031610698
46.00	-0.0069339600
46.02	-0.0100950290
46.04	-0.0104009390
46.06	-0.0107068500
46.08	-0.0108088200
46.10	-0.0100950290
46.12	-0.0090753293
46.14	-0.0080556298
46.16	-0.0075457798
46.18	-0.0073418396
46.20	-0.0069339600
46.22	-0.0068319896
46.24	-0.0064241100
46.26	-0.0040787999
46.28	-0.0013256099
46.30	0.0013256099
46.32	0.0043847100
46.34	0.0072398697
46.36	0.0100950290
46.38	0.0087694201
46.40	0.0064241100
46.42	0.0041807698
46.44	0.0013256099
46.46	-0.0014275799
46.48	-0.0035689499
46.50	-0.0037728899
46.52	-0.0044866799
46.54	-0.0046906197
46.56	-0.0049965299
46.58	-0.0052004697
46.60	-0.0055063799
46.62	-0.0057103197
46.64	-0.0059142600
46.66	-0.0046906197
46.68	-0.0029571300
46.70	-0.0013256099
46.72	0.0007137900
46.74	0.0017334900
46.76	0.0019374299
46.78	0.0025492499
46.80	0.0025492499
46.82	0.0035689499
46.84	0.0050984998
46.86	0.0065260799
46.88	0.0081575997
46.90	0.0095851793
46.92	0.0098910895
46.94	0.0104009390
46.96	0.0107068500
46.98	0.0110127600
47.00	0.0112167000
47.02	0.0106048790
47.04	0.0100950290
47.06	0.0094832099
47.08	0.0087694201
47.10	0.0080556298
47.12	0.0073418396
47.14	0.0064241100
47.16	0.0056083498
47.18	0.0046906197
47.20	0.0038748598
47.22	0.0031610698
47.24	0.0027531900
47.26	0.0021413698
47.28	0.0017334900
47.30	0.0012236400
47.32	0.0007137900
47.34	0.0003059100
47.36	0.0008157600
47.38	0.0013256099
47.40	0.0019374299
47.42	0.0022433400
47.44	0.0009177299
47.46	-0.0003059100
47.48	-0.0017334900
47.50	-0.0031610698
47.52	-0.0047925896
47.54	-0.0054044100
47.56	-0.0048945600
47.58	-0.0043847100
47.60	-0.0038748598
47.62	-0.0025492499
47.64	-0.0009177299
47.66	0.0007137900
47.68	0.0017334900
47.70	0.0022433400
47.72	0.0035689499
47.74	0.0062201697
47.76	0.0084635099
47.78	0.0114206390
47.80	0.0109107890
47.82	0.0088713895
47.84	0.0072398697
47.86	0.0047925896
47.88	0.0027531900
47.90	0.0004078800
47.92	-0.0016315200
47.94	-0.0024472800
47.96	-0.0033650098
47.98	-0.0046906197
48.00	-0.0070359299
48.02	-0.0085654793
48.04	-0.0089733599
48.06	-0.0094832099
48.08	-0.0096871497
48.10	-0.0098910895
48.12	-0.0100950290
48.14	-0.0102989700
48.16	-0.0104009390
48.18	-0.0099930598
48.20	-0.0096871497
48.22	-0.0091772997
48.24	-0.0088713895
48.26	-0.0090753293
48.28	-0.0092792701
48.30	-0.0094832099
48.32	-0.0097891200
48.34	-0.0098910895
48.36	-0.0089733599
48.38	-0.0082595701
48.40	-0.0072398697
48.42	-0.0069339600
48.44	-0.0069339600
48.46	-0.0068319896
48.48	-0.0068319896
48.50	-0.0067300197
48.52	-0.0067300197
48.54	-0.0065260799
48.56	-0.0057103197
48.58	-0.0050984998
48.60	-0.0043847100
48.62	-0.0034669800
48.64	-0.0023453099
48.66	-0.0013256099
48.68	-0.0002039400
48.70	0.0010197000
48.72	0.0017334900
48.74	0.0009177299
48.76	0.0003059100
48.78	-0.0005098500
48.80	-0.0014275799
48.82	-0.0007137900
48.84	0.0006118200
48.86	0.0016315200
48.88	0.0013256099
48.90	0.0012236400
48.92	0.0008157600
48.94	0.0005098500
48.96	0.0000000000
48.98	0.0002039400
49.00	0.0009177299
49.02	0.0014275799
49.04	0.0021413698
49.06	0.0022433400
49.08	0.0010197000
49.10	0.0000000000
49.12	-0.0012236400
49.14	-0.0024472800
49.16	-0.0024472800
49.18	-0.0019374299
49.20	-0.0016315200
49.22	-0.0018354599
49.24	-0.0022433400
49.26	-0.0027531900
49.28	-0.0030590999
49.30	-0.0026512198
49.32	-0.0022433400
49.34	-0.0022433400
49.36	-0.0032630399
49.38	-0.0041807698
49.40	-0.0052004697
49.42	-0.0046906197
49.44	-0.0043847100
49.46	-0.0038748598
49.48	-0.0032630399
49.50	-0.0026512198
49.52	-0.0020393999
49.54	-0.0019374299
49.56	-0.0018354599
49.58	-0.0015295499
49.60	0.0013256099
49.62	0.0041807698
49.64	0.0068319896
49.66	0.0071378998
49.68	0.0077497196
49.70	0.0079536599
49.72	0.0081575997
49.74	0.0082595701
49.76	0.0085654793
49.78	0.0079536599
49.80	0.0062201697
49.82	0.0048945600
49.84	0.0031610698
49.86	0.0029571300
49.88	0.0030590999
49.90	0.0032630399
49.92	0.0035689499
49.94	0.0037728899
49.96	0.0024472800
49.98	0.0007137900
50.00	-0.0008157600
50.02	-0.0028551599
50.04	-0.0035689499
50.06	-0.0022433400
50.08	-0.0013256099
50.10	0.0001019700
50.12	0.0003059100
50.14	0.0001019700
50.16	-0.0001019700
50.18	-0.0005098500
50.20	-0.0008157600
50.22	-0.0011216700
50.24	-0.0015295499
50.26	-0.0012236400
50.28	-0.0008157600
50.30	-0.0004078800
50.32	0.0001019700
50.34	0.0005098500
50.36	0.0008157600
50.38	0.0008157600
50.40	0.0009177299
50.42	0.0010197000
50.44	0.0022433400
50.46	0.0033650098
50.48	0.0046906197
50.50	0.0060162299
50.52	0.0073418396
50.54	0.0080556298
50.56	0.0063221396
50.58	0.0050984998
50.60	0.0032630399
50.62	0.0016315200
50.64	-0.0004078800
50.66	0.0000000000
50.68	0.0030590999
50.70	0.0053024396
50.72	0.0088713895
50.74	0.0083615395
50.76	0.0031610698
50.78	-0.0002039400
50.80	-0.0063221396
50.82	-0.0028551599
50.84	0.0059142600
50.86	0.0132561000
50.88	0.0225353700
50.90	0.0188644490
50.92	0.0095851793
50.94	0.0092792701
50.96	0.0078516895
50.98	0.0091772997
51.00	0.0016315200
51.02	-0.0085654793
51.04	-0.0203939990
51.06	-0.0150915600
51.08	-0.0007137900
51.10	0.0109107890
51.12	0.0100950290
51.14	0.0048945600
51.16	0.0003059100
51.18	-0.0070359299
51.20	-0.0109107890
51.22	-0.0015295499
51.24	0.0070359299
51.26	0.0140718600
51.28	0.0068319896
51.30	0.0020393999
51.32	0.0035689499
51.34	0.0091772997
51.36	0.0087694201
51.38	0.0053024396
51.40	0.0024472800
51.42	0.0016315200
51.44	0.0013256099
51.46	-0.0011216700
51.48	-0.0034669800
51.50	-0.0068319896
51.52	-0.0055063799
51.54	-0.0020393999
51.56	0.0014275799
51.58	0.0048945600
51.60	0.0098910895
51.62	0.0059142600
51.64	-0.0048945600
51.66	-0.0121344290
51.68	-0.0096871497
51.70	-0.0061181998
51.72	-0.0024472800
51.74	0.0032630399
51.76	0.0038748598
51.78	0.0014275799
51.80	-0.0001019700
51.82	-0.0007137900
51.84	0.0006118200
51.86	0.0010197000
51.88	0.0024472800
51.90	0.0013256099
51.92	0.0004078800
51.94	-0.0008157600
51.96	-0.0027531900
51.98	-0.0056083498
52.00	-0.0085654793
52.02	-0.0094832099
52.04	-0.0062201697
52.06	-0.0036709198
52.08	-0.0002039400
52.10	0.0033650098
52.12	0.0037728899
52.14	-0.0014275799
52.16	-0.0045886498
52.18	-0.0105029100
52.20	-0.0078516895
52.22	-0.0023453099
52.24	0.0031610698
52.26	0.0041807698
52.28	0.0026512198
52.30	0.0013256099
52.32	0.0015295499
52.34	0.0062201697
52.36	0.0074438099
52.38	0.0075457798
52.40	0.0077497196
52.42	0.0074438099
52.44	0.0072398697
52.46	0.0058122896
52.48	0.0038748598
52.50	0.0021413698
52.52	-0.0002039400
52.54	-0.0033650098
52.56	-0.0065260799
52.58	-0.0069339600
52.60	-0.0052004697
52.62	-0.0055063799
52.64	-0.0055063799
52.66	-0.0058122896
52.68	-0.0033650098
52.70	0.0000000000
52.72	0.0033650098
52.74	0.0071378998
52.76	0.0097891200
52.78	0.0086674497
52.80	0.0081575997
52.82	0.0069339600
52.84	0.0076477497
52.86	0.0078516895
52.88	0.0086674497
52.90	0.0062201697
52.92	0.0037728899
52.94	0.0007137900
52.96	-0.0001019700
52.98	0.0004078800
53.00	0.0005098500
53.02	-0.0010197000
53.04	-0.0029571300
53.06	-0.0046906197
53.08	-0.0070359299
53.10	-0.0066280498
53.12	-0.0044866799
53.14	-0.0028551599
53.16	-0.0007137900
53.18	-0.0023453099
53.20	-0.0033650098
53.22	-0.0052004697
53.24	-0.0061181998
53.26	-0.0057103197
53.28	-0.0055063799
53.30	-0.0050984998
53.32	-0.0067300197
53.34	-0.0092792701
53.36	-0.0116245790
53.38	-0.0142758000
53.40	-0.0140718600
53.42	-0.0142758000
53.44	-0.0123383700
53.46	-0.0097891200
53.48	-0.0075457798
53.50	-0.0046906197
53.52	-0.0034669800
53.54	-0.0042827397
53.56	-0.0045886498
53.58	-0.0056083498
53.60	-0.0064241100
53.62	-0.0073418396
53.64	-0.0081575997
53.66	-0.0074438099
53.68	-0.0053024396
53.70	-0.0037728899
53.72	-0.0026512198
53.74	-0.0014275799
